-1.2316775908659123
-1.2752693358694285
-0.6386970819903373
-0.3663000966954682
-1.6636093276093045
2.70605078807534
-1.6566259921418136
0.1563338152816784
1.1991600141634822
-1.147118611381558
4.059888509903173
7.7923692221611525
4.183281080680906
4.247981283155707
1.8005750296053618
1.584321540641546
0.751892040321393
1.0136307102601365
-0.2990003905931598
-4.348962673551443
-3.2748225928869332
-1.7016662755225467
-1.3326216019951176
0.46620231460498934
-1.805610265564058
1.555752994441137
0.4381848628117017
0.9874661390093626
-0.025871805198643686
2.9604345608186047
4.598923296401881
-0.48637279283260265
0.4262035370707575
1.3825960351153441
-0.24503865727715388
-3.7716445226926187
-0.5514698194433478
-0.769292489489735
-2.5276009919388036
9.356975950117477
2.6076632074930886
-0.3658292655960748
-1.1840819210997966
3.017926049814473
