0.42306434878984267
-0.35386774538510357
-1.371249632896447
0.7118388611631441
0.5880538652431511
-1.0544877571282156
-0.3357777063446748
-0.021762205749809027
-0.20263791823256955
-0.6934121935676609
-3.4892141130226655
-5.7855991549796695
1.8253216605697646
-1.5899612235337384
2.3768198153696476
-2.0385093840908413
-1.0470779053691028
-4.658097309395007
-3.683711148339237
-3.476188387232299
2.024815968903658
3.416178008027495
0.40600240058427
-5.68852946328213
1.058833728483614
-3.3076005884630812
1.3160772533394667
4.325812683938836
8.348108527529213
-0.5324840834821066
2.501892191000623
4.199097366635986
4.726510350172596
-3.016667765215237
4.834132876790489
-6.641519863401291
-0.9323304280167551
0.6765007847090511
4.1490449881003055
-3.160455479396789
0.3932641057271013
0.8445349526627026
0.032808971877473635
3.9940029444963963
0.1980023352756839
0.035820190636601926
-0.3519216043550856
-1.1906761711348637
-0.7930210795485835
0.6462699495824482
1.2684184830301641
0.6866189261835426
-0.37540050432552563
-2.3725790595331517
0.07491284107483985
-0.16030740398947363
0.03070770924334751
-0.5091140441643871
-3.230032427334367
1.162141650465303
